{
 "cells": [
  {
   "cell_type": "code",
   "execution_count": 1,
   "id": "30039ca9",
   "metadata": {},
   "outputs": [],
   "source": [
    "import pandas as pd\n",
    "import numpy as np\n",
    "import category_encoders as ce\n",
    "import sklearn\n",
    "from sklearn.model_selection import train_test_split"
   ]
  },
  {
   "cell_type": "code",
   "execution_count": 2,
   "id": "09620438",
   "metadata": {},
   "outputs": [
    {
     "data": {
      "text/html": [
       "<div>\n",
       "<style scoped>\n",
       "    .dataframe tbody tr th:only-of-type {\n",
       "        vertical-align: middle;\n",
       "    }\n",
       "\n",
       "    .dataframe tbody tr th {\n",
       "        vertical-align: top;\n",
       "    }\n",
       "\n",
       "    .dataframe thead th {\n",
       "        text-align: right;\n",
       "    }\n",
       "</style>\n",
       "<table border=\"1\" class=\"dataframe\">\n",
       "  <thead>\n",
       "    <tr style=\"text-align: right;\">\n",
       "      <th></th>\n",
       "      <th>Total_Claims</th>\n",
       "      <th>FV_D</th>\n",
       "      <th>FV_M</th>\n",
       "      <th>FV_DATE</th>\n",
       "      <th>VISIT_CODE</th>\n",
       "      <th>WP_ID</th>\n",
       "      <th>WP_NAME</th>\n",
       "      <th>WP_ADDRESS</th>\n",
       "      <th>REGION_CODE</th>\n",
       "      <th>IND_Name</th>\n",
       "      <th>...</th>\n",
       "      <th>NAICS.DESCR</th>\n",
       "      <th>Frac_Level</th>\n",
       "      <th>LB_Level</th>\n",
       "      <th>Sh_Level</th>\n",
       "      <th>HIC_Level</th>\n",
       "      <th>HIC_Per_Level</th>\n",
       "      <th>Emp1524_Level</th>\n",
       "      <th>Emp2554_Level</th>\n",
       "      <th>Emp55plus_Level</th>\n",
       "      <th>Contra_level</th>\n",
       "    </tr>\n",
       "  </thead>\n",
       "  <tbody>\n",
       "    <tr>\n",
       "      <th>0</th>\n",
       "      <td>951</td>\n",
       "      <td>23</td>\n",
       "      <td>10</td>\n",
       "      <td>2019-10-23</td>\n",
       "      <td>2019-10-23 2123905</td>\n",
       "      <td>2123905</td>\n",
       "      <td>Solutions CMD</td>\n",
       "      <td>275 Daniel Street, Arnprior - Renfrew - Arnpri...</td>\n",
       "      <td>K</td>\n",
       "      <td>Construction</td>\n",
       "      <td>...</td>\n",
       "      <td>Industrial Building and Structure Construction</td>\n",
       "      <td>Low-Moderate</td>\n",
       "      <td>Low</td>\n",
       "      <td>Low</td>\n",
       "      <td>Moderate</td>\n",
       "      <td>Very High</td>\n",
       "      <td>Above Average</td>\n",
       "      <td>Above Average</td>\n",
       "      <td>Above Average</td>\n",
       "      <td>Moderate</td>\n",
       "    </tr>\n",
       "    <tr>\n",
       "      <th>1</th>\n",
       "      <td>951</td>\n",
       "      <td>8</td>\n",
       "      <td>1</td>\n",
       "      <td>2019-01-08</td>\n",
       "      <td>2019-01-08 2012482</td>\n",
       "      <td>2012482</td>\n",
       "      <td>D S CONSTRUCTION</td>\n",
       "      <td>Listowel - Perth - North Perth, ON, CANADA LOT...</td>\n",
       "      <td>K</td>\n",
       "      <td>Construction</td>\n",
       "      <td>...</td>\n",
       "      <td>Residential Building Construction</td>\n",
       "      <td>Low-Moderate</td>\n",
       "      <td>Low</td>\n",
       "      <td>Low</td>\n",
       "      <td>Moderate</td>\n",
       "      <td>Very High</td>\n",
       "      <td>Above Average</td>\n",
       "      <td>Above Average</td>\n",
       "      <td>Above Average</td>\n",
       "      <td>Low</td>\n",
       "    </tr>\n",
       "    <tr>\n",
       "      <th>2</th>\n",
       "      <td>208</td>\n",
       "      <td>16</td>\n",
       "      <td>1</td>\n",
       "      <td>2019-01-16</td>\n",
       "      <td>2019-01-16 2055708</td>\n",
       "      <td>2055708</td>\n",
       "      <td>Foresterie Malloy Inc</td>\n",
       "      <td>132 bisson Rang, Sherbrooke Township - Haldima...</td>\n",
       "      <td>K</td>\n",
       "      <td>Agriculture, forestry, fishing and hunting</td>\n",
       "      <td>...</td>\n",
       "      <td>Contract Logging</td>\n",
       "      <td>Very Low</td>\n",
       "      <td>Very Low</td>\n",
       "      <td>Very Low</td>\n",
       "      <td>Very Low</td>\n",
       "      <td>Very High</td>\n",
       "      <td>Below Average</td>\n",
       "      <td>Below Average</td>\n",
       "      <td>Above Average</td>\n",
       "      <td>None</td>\n",
       "    </tr>\n",
       "    <tr>\n",
       "      <th>3</th>\n",
       "      <td>951</td>\n",
       "      <td>23</td>\n",
       "      <td>1</td>\n",
       "      <td>2019-01-23</td>\n",
       "      <td>2019-01-23 2056530</td>\n",
       "      <td>2056530</td>\n",
       "      <td>DEBUS DESIGN   BUILD</td>\n",
       "      <td>199, Stratford - Perth - Stratford, ON, CANADA...</td>\n",
       "      <td>K</td>\n",
       "      <td>Construction</td>\n",
       "      <td>...</td>\n",
       "      <td>Residential Building Construction</td>\n",
       "      <td>Low-Moderate</td>\n",
       "      <td>Low</td>\n",
       "      <td>Low</td>\n",
       "      <td>Moderate</td>\n",
       "      <td>Very High</td>\n",
       "      <td>Above Average</td>\n",
       "      <td>Above Average</td>\n",
       "      <td>Above Average</td>\n",
       "      <td>High</td>\n",
       "    </tr>\n",
       "    <tr>\n",
       "      <th>4</th>\n",
       "      <td>951</td>\n",
       "      <td>4</td>\n",
       "      <td>2</td>\n",
       "      <td>2019-02-04</td>\n",
       "      <td>2019-02-04 2058458</td>\n",
       "      <td>2058458</td>\n",
       "      <td>LANG CONTRACTING</td>\n",
       "      <td>St. Marys - Perth - St. Marys, ON, CANADA 74 W...</td>\n",
       "      <td>K</td>\n",
       "      <td>Construction</td>\n",
       "      <td>...</td>\n",
       "      <td>Residential Building Construction</td>\n",
       "      <td>Low-Moderate</td>\n",
       "      <td>Low</td>\n",
       "      <td>Low</td>\n",
       "      <td>Moderate</td>\n",
       "      <td>Very High</td>\n",
       "      <td>Above Average</td>\n",
       "      <td>Above Average</td>\n",
       "      <td>Above Average</td>\n",
       "      <td>High</td>\n",
       "    </tr>\n",
       "  </tbody>\n",
       "</table>\n",
       "<p>5 rows × 23 columns</p>\n",
       "</div>"
      ],
      "text/plain": [
       "   Total_Claims  FV_D  FV_M     FV_DATE          VISIT_CODE    WP_ID  \\\n",
       "0           951    23    10  2019-10-23  2019-10-23 2123905  2123905   \n",
       "1           951     8     1  2019-01-08  2019-01-08 2012482  2012482   \n",
       "2           208    16     1  2019-01-16  2019-01-16 2055708  2055708   \n",
       "3           951    23     1  2019-01-23  2019-01-23 2056530  2056530   \n",
       "4           951     4     2  2019-02-04  2019-02-04 2058458  2058458   \n",
       "\n",
       "                  WP_NAME                                         WP_ADDRESS  \\\n",
       "0           Solutions CMD  275 Daniel Street, Arnprior - Renfrew - Arnpri...   \n",
       "1        D S CONSTRUCTION  Listowel - Perth - North Perth, ON, CANADA LOT...   \n",
       "2  Foresterie Malloy Inc   132 bisson Rang, Sherbrooke Township - Haldima...   \n",
       "3    DEBUS DESIGN   BUILD  199, Stratford - Perth - Stratford, ON, CANADA...   \n",
       "4        LANG CONTRACTING  St. Marys - Perth - St. Marys, ON, CANADA 74 W...   \n",
       "\n",
       "  REGION_CODE                                    IND_Name  ...  \\\n",
       "0           K                                Construction  ...   \n",
       "1           K                                Construction  ...   \n",
       "2           K  Agriculture, forestry, fishing and hunting  ...   \n",
       "3           K                                Construction  ...   \n",
       "4           K                                Construction  ...   \n",
       "\n",
       "                                       NAICS.DESCR    Frac_Level  LB_Level  \\\n",
       "0  Industrial Building and Structure Construction   Low-Moderate       Low   \n",
       "1               Residential Building Construction   Low-Moderate       Low   \n",
       "2                                Contract Logging       Very Low  Very Low   \n",
       "3               Residential Building Construction   Low-Moderate       Low   \n",
       "4               Residential Building Construction   Low-Moderate       Low   \n",
       "\n",
       "   Sh_Level HIC_Level HIC_Per_Level  Emp1524_Level  Emp2554_Level  \\\n",
       "0       Low  Moderate     Very High  Above Average  Above Average   \n",
       "1       Low  Moderate     Very High  Above Average  Above Average   \n",
       "2  Very Low  Very Low     Very High  Below Average  Below Average   \n",
       "3       Low  Moderate     Very High  Above Average  Above Average   \n",
       "4       Low  Moderate     Very High  Above Average  Above Average   \n",
       "\n",
       "  Emp55plus_Level Contra_level  \n",
       "0   Above Average     Moderate  \n",
       "1   Above Average          Low  \n",
       "2   Above Average         None  \n",
       "3   Above Average         High  \n",
       "4   Above Average         High  \n",
       "\n",
       "[5 rows x 23 columns]"
      ]
     },
     "execution_count": 2,
     "metadata": {},
     "output_type": "execute_result"
    }
   ],
   "source": [
    "#Import the data\n",
    "data = pd.read_csv(\"Data_trans_claims_fac.csv\", encoding = \"latin-1\")\n",
    "del data[\"Unnamed: 0\"]\n",
    "data.head()"
   ]
  },
  {
   "cell_type": "code",
   "execution_count": 3,
   "id": "ad39081e",
   "metadata": {},
   "outputs": [
    {
     "name": "stdout",
     "output_type": "stream",
     "text": [
      "<class 'pandas.core.frame.DataFrame'>\n",
      "RangeIndex: 27243 entries, 0 to 27242\n",
      "Data columns (total 23 columns):\n",
      " #   Column           Non-Null Count  Dtype \n",
      "---  ------           --------------  ----- \n",
      " 0   Total_Claims     27243 non-null  int64 \n",
      " 1   FV_D             27243 non-null  int64 \n",
      " 2   FV_M             27243 non-null  int64 \n",
      " 3   FV_DATE          27243 non-null  object\n",
      " 4   VISIT_CODE       27243 non-null  object\n",
      " 5   WP_ID            27243 non-null  int64 \n",
      " 6   WP_NAME          27243 non-null  object\n",
      " 7   WP_ADDRESS       27243 non-null  object\n",
      " 8   REGION_CODE      27243 non-null  object\n",
      " 9   IND_Name         27243 non-null  object\n",
      " 10  IND_Cat          27243 non-null  object\n",
      " 11  IND              27243 non-null  object\n",
      " 12  NAICS            27243 non-null  int64 \n",
      " 13  NAICS.DESCR      27243 non-null  object\n",
      " 14  Frac_Level       27243 non-null  object\n",
      " 15  LB_Level         27243 non-null  object\n",
      " 16  Sh_Level         27243 non-null  object\n",
      " 17  HIC_Level        27243 non-null  object\n",
      " 18  HIC_Per_Level    27243 non-null  object\n",
      " 19  Emp1524_Level    27243 non-null  object\n",
      " 20  Emp2554_Level    27243 non-null  object\n",
      " 21  Emp55plus_Level  27243 non-null  object\n",
      " 22  Contra_level     27243 non-null  object\n",
      "dtypes: int64(5), object(18)\n",
      "memory usage: 4.8+ MB\n"
     ]
    }
   ],
   "source": [
    "data.info()"
   ]
  },
  {
   "cell_type": "code",
   "execution_count": 60,
   "id": "fcce6a12",
   "metadata": {},
   "outputs": [
    {
     "data": {
      "text/plain": [
       "Claims_Level       0\n",
       "FV_D               0\n",
       "FV_M               0\n",
       "FV_DATE            0\n",
       "VISIT_CODE         0\n",
       "WP_ID              0\n",
       "WP_NAME            0\n",
       "WP_ADDRESS         0\n",
       "REGION_CODE        0\n",
       "IND_Name           0\n",
       "IND_Cat            0\n",
       "IND                0\n",
       "NAICS              0\n",
       "NAICS.DESCR        0\n",
       "Frac_Level         0\n",
       "LB_Level           0\n",
       "Sh_Level           0\n",
       "HIC_Level          0\n",
       "HIC_Per_Level      0\n",
       "Emp1524_Level      0\n",
       "Emp2554_Level      0\n",
       "Emp55plus_Level    0\n",
       "Contra_level       0\n",
       "dtype: int64"
      ]
     },
     "execution_count": 60,
     "metadata": {},
     "output_type": "execute_result"
    }
   ],
   "source": [
    "data.isnull().sum()"
   ]
  },
  {
   "cell_type": "markdown",
   "id": "595e5121",
   "metadata": {},
   "source": [
    "ENCODING CATEGORICAL VARIABLES"
   ]
  },
  {
   "cell_type": "code",
   "execution_count": 64,
   "id": "93c2c1b8",
   "metadata": {},
   "outputs": [],
   "source": [
    "#Claims_level\n",
    "enc_Claims_Code= ce.OrdinalEncoder(cols=['Claims_Level'], mapping=[{'col':'Claims_Level', 'mapping':{'Very Low':1, 'Low':2, 'Moderate':3, 'High':4, 'Very High':5}}])\n",
    "data['Claims_Code'] = enc_Claims_code.fit_transform(data[['Claims_Level']])\n",
    "del data['Claims_Level']"
   ]
  },
  {
   "cell_type": "code",
   "execution_count": 4,
   "id": "84658d75",
   "metadata": {},
   "outputs": [],
   "source": [
    "#REGION_CODE\n",
    "enc_RegCode= ce.OrdinalEncoder(cols=['REGION_CODE'], mapping=[{'col':'REGION_CODE', 'mapping':{'K':1, 'L':2, 'M':3, 'N':4, 'P':5 }}])\n",
    "data['RegCode'] = enc_RegCode.fit_transform(data[['REGION_CODE']])\n",
    "del data['REGION_CODE'] "
   ]
  },
  {
   "cell_type": "code",
   "execution_count": 5,
   "id": "75928fc0",
   "metadata": {},
   "outputs": [],
   "source": [
    "#IND_Cat\n",
    "enc_INDCat= ce.OrdinalEncoder(cols=['IND_Cat'], mapping=[{'col':'IND_Cat', 'mapping':{'Goods-producing':1, 'Service-producing':2 }}])\n",
    "data['INDCat'] = enc_INDCat.fit_transform(data[['IND_Cat']])\n",
    "del data['IND_Cat'] "
   ]
  },
  {
   "cell_type": "code",
   "execution_count": 6,
   "id": "16bb547b",
   "metadata": {},
   "outputs": [],
   "source": [
    "#IND\n",
    "enc_INDCode= ce.OrdinalEncoder(cols=['IND'], mapping=[{'col':'IND', 'mapping':{'11':1, '21':2, '22':3, '23':4, '31-33':5, '48-49':6, '61':7,'62':8, '72':9, '81':10, '91':11,'Multiple':12 }}])\n",
    "data['INDCode'] = enc_INDCode.fit_transform(data[['IND']])\n",
    "del data['IND'] "
   ]
  },
  {
   "cell_type": "code",
   "execution_count": 7,
   "id": "bac1dea1",
   "metadata": {},
   "outputs": [],
   "source": [
    "#Frac_Level\n",
    "enc_FrCode= ce.OrdinalEncoder(cols=['Frac_Level'], mapping=[{'col':'Frac_Level', 'mapping':{'Very Low':1, 'Low':2, 'Low-Moderate':3, 'High-Moderate':4, 'High':5, 'Very High':6}}])\n",
    "data['FRCode'] = enc_FrCode.fit_transform(data[['Frac_Level']])\n",
    "del data['Frac_Level'] "
   ]
  },
  {
   "cell_type": "code",
   "execution_count": 8,
   "id": "ec30ba0f",
   "metadata": {},
   "outputs": [],
   "source": [
    "#LB_Level\n",
    "enc_LBCode= ce.OrdinalEncoder(cols=['LB_Level'], mapping=[{'col':'LB_Level', 'mapping':{'Very Low':1, 'Low':2, 'High':3, 'Very High':4}}])\n",
    "data['LBCode'] = enc_LBCode.fit_transform(data[['LB_Level']])\n",
    "del data['LB_Level'] "
   ]
  },
  {
   "cell_type": "code",
   "execution_count": 9,
   "id": "9f8f5e1d",
   "metadata": {},
   "outputs": [],
   "source": [
    "#Sh_Level\n",
    "enc_ShCode= ce.OrdinalEncoder(cols=['Sh_Level'], mapping=[{'col':'Sh_Level', 'mapping':{'Very Low':1, 'Low':2, 'High':3, 'Very High':4}}])\n",
    "data['ShCode'] = enc_ShCode.fit_transform(data[['Sh_Level']])\n",
    "del data['Sh_Level'] "
   ]
  },
  {
   "cell_type": "code",
   "execution_count": 10,
   "id": "ba9a81c5",
   "metadata": {},
   "outputs": [],
   "source": [
    "#HIC_Level\n",
    "enc_HICCode= ce.OrdinalEncoder(cols=['HIC_Level'], mapping=[{'col':'HIC_Level', 'mapping':{'Very Low':1, 'Low':2, 'Low-Moderate':3, 'Moderate':4, 'High-Moderate':5, 'High':6, 'Very High':7}}])\n",
    "data['HICCode'] = enc_HICCode.fit_transform(data[['HIC_Level']])\n",
    "del data['HIC_Level'] "
   ]
  },
  {
   "cell_type": "code",
   "execution_count": 11,
   "id": "f1f7b6c1",
   "metadata": {},
   "outputs": [],
   "source": [
    "#HIC_Per_Level\n",
    "enc_HICPerCode= ce.OrdinalEncoder(cols=['HIC_Per_Level'], mapping=[{'col':'HIC_Per_Level', 'mapping':{'Very Low':1, 'Low':2, 'Moderate':3, 'High':4, 'Very High':5}}])\n",
    "data['HICPerCode'] = enc_HICPerCode.fit_transform(data[['HIC_Per_Level']])\n",
    "del data['HIC_Per_Level'] "
   ]
  },
  {
   "cell_type": "code",
   "execution_count": 12,
   "id": "e28a54ce",
   "metadata": {},
   "outputs": [],
   "source": [
    "#Emp1524_Level\n",
    "enc_E1524Code= ce.OrdinalEncoder(cols=['Emp1524_Level'], mapping=[{'col':'Emp1524_Level', 'mapping':{'Below Average':1, 'Above Average':2}}])\n",
    "data['E1524Code'] = enc_E1524Code.fit_transform(data[['Emp1524_Level']])\n",
    "del data['Emp1524_Level'] "
   ]
  },
  {
   "cell_type": "code",
   "execution_count": 13,
   "id": "afebf7a7",
   "metadata": {},
   "outputs": [],
   "source": [
    "#Emp2554_Level\n",
    "enc_E2554Code= ce.OrdinalEncoder(cols=['Emp2554_Level'], mapping=[{'col':'Emp2554_Level', 'mapping':{'Below Average':1, 'Above Average':2}}])\n",
    "data['E2554Code'] = enc_E2554Code.fit_transform(data[['Emp2554_Level']])\n",
    "del data['Emp2554_Level'] "
   ]
  },
  {
   "cell_type": "code",
   "execution_count": 14,
   "id": "0ec0b5af",
   "metadata": {},
   "outputs": [],
   "source": [
    "#Emp55plus_Level\n",
    "enc_E55pCode= ce.OrdinalEncoder(cols=['Emp55plus_Level'], mapping=[{'col':'Emp55plus_Level', 'mapping':{'Below Average':1, 'Above Average':2}}])\n",
    "data['E55pCode'] = enc_E55pCode.fit_transform(data[['Emp55plus_Level']])\n",
    "del data['Emp55plus_Level'] "
   ]
  },
  {
   "cell_type": "code",
   "execution_count": 15,
   "id": "053cb99b",
   "metadata": {},
   "outputs": [],
   "source": [
    "#Contra_level\n",
    "enc_ConCode= ce.OrdinalEncoder(cols=['Contra_level'], mapping=[{'col':'Contra_level', 'mapping':{'None':1, 'Low':2, 'Moderate':3, 'High':4}}])\n",
    "data['ConCode'] = enc_ConCode.fit_transform(data[['Contra_level']])\n",
    "del data['Contra_level'] "
   ]
  },
  {
   "cell_type": "code",
   "execution_count": 16,
   "id": "43032162",
   "metadata": {},
   "outputs": [
    {
     "data": {
      "text/plain": [
       "['Total_Claims',\n",
       " 'FV_D',\n",
       " 'FV_M',\n",
       " 'FV_DATE',\n",
       " 'VISIT_CODE',\n",
       " 'WP_ID',\n",
       " 'WP_NAME',\n",
       " 'WP_ADDRESS',\n",
       " 'IND_Name',\n",
       " 'NAICS',\n",
       " 'NAICS.DESCR',\n",
       " 'RegCode',\n",
       " 'INDCat',\n",
       " 'INDCode',\n",
       " 'FRCode',\n",
       " 'LBCode',\n",
       " 'ShCode',\n",
       " 'HICCode',\n",
       " 'HICPerCode',\n",
       " 'E1524Code',\n",
       " 'E2554Code',\n",
       " 'E55pCode',\n",
       " 'ConCode']"
      ]
     },
     "execution_count": 16,
     "metadata": {},
     "output_type": "execute_result"
    }
   ],
   "source": [
    "list(data.columns)"
   ]
  },
  {
   "cell_type": "markdown",
   "id": "16d87507",
   "metadata": {},
   "source": [
    "Split data into 70:30 train / test sets"
   ]
  },
  {
   "cell_type": "code",
   "execution_count": 17,
   "id": "44c57a0d",
   "metadata": {},
   "outputs": [
    {
     "data": {
      "text/html": [
       "<div>\n",
       "<style scoped>\n",
       "    .dataframe tbody tr th:only-of-type {\n",
       "        vertical-align: middle;\n",
       "    }\n",
       "\n",
       "    .dataframe tbody tr th {\n",
       "        vertical-align: top;\n",
       "    }\n",
       "\n",
       "    .dataframe thead th {\n",
       "        text-align: right;\n",
       "    }\n",
       "</style>\n",
       "<table border=\"1\" class=\"dataframe\">\n",
       "  <thead>\n",
       "    <tr style=\"text-align: right;\">\n",
       "      <th></th>\n",
       "      <th>Total_Claims</th>\n",
       "      <th>FV_D</th>\n",
       "      <th>FV_M</th>\n",
       "      <th>WP_ID</th>\n",
       "      <th>NAICS</th>\n",
       "      <th>RegCode</th>\n",
       "      <th>INDCat</th>\n",
       "      <th>INDCode</th>\n",
       "      <th>FRCode</th>\n",
       "      <th>LBCode</th>\n",
       "      <th>ShCode</th>\n",
       "      <th>HICCode</th>\n",
       "      <th>HICPerCode</th>\n",
       "      <th>E1524Code</th>\n",
       "      <th>E2554Code</th>\n",
       "      <th>E55pCode</th>\n",
       "      <th>ConCode</th>\n",
       "    </tr>\n",
       "  </thead>\n",
       "  <tbody>\n",
       "    <tr>\n",
       "      <th>Total_Claims</th>\n",
       "      <td>1.000000</td>\n",
       "      <td>0.004856</td>\n",
       "      <td>-0.023986</td>\n",
       "      <td>-0.087243</td>\n",
       "      <td>0.075345</td>\n",
       "      <td>-0.174625</td>\n",
       "      <td>0.344046</td>\n",
       "      <td>0.513242</td>\n",
       "      <td>0.650518</td>\n",
       "      <td>0.713880</td>\n",
       "      <td>0.708448</td>\n",
       "      <td>0.782683</td>\n",
       "      <td>-0.431133</td>\n",
       "      <td>0.141538</td>\n",
       "      <td>-0.421806</td>\n",
       "      <td>-0.380741</td>\n",
       "      <td>-0.004733</td>\n",
       "    </tr>\n",
       "    <tr>\n",
       "      <th>FV_D</th>\n",
       "      <td>0.004856</td>\n",
       "      <td>1.000000</td>\n",
       "      <td>-0.008590</td>\n",
       "      <td>0.004067</td>\n",
       "      <td>0.015058</td>\n",
       "      <td>-0.011927</td>\n",
       "      <td>0.010861</td>\n",
       "      <td>0.011827</td>\n",
       "      <td>-0.003539</td>\n",
       "      <td>-0.000561</td>\n",
       "      <td>-0.000528</td>\n",
       "      <td>-0.000169</td>\n",
       "      <td>-0.005592</td>\n",
       "      <td>-0.000188</td>\n",
       "      <td>-0.003353</td>\n",
       "      <td>-0.009755</td>\n",
       "      <td>0.003714</td>\n",
       "    </tr>\n",
       "    <tr>\n",
       "      <th>FV_M</th>\n",
       "      <td>-0.023986</td>\n",
       "      <td>-0.008590</td>\n",
       "      <td>1.000000</td>\n",
       "      <td>0.056923</td>\n",
       "      <td>-0.026930</td>\n",
       "      <td>-0.005107</td>\n",
       "      <td>-0.030781</td>\n",
       "      <td>-0.031352</td>\n",
       "      <td>-0.002200</td>\n",
       "      <td>-0.014604</td>\n",
       "      <td>-0.026407</td>\n",
       "      <td>-0.020652</td>\n",
       "      <td>0.040571</td>\n",
       "      <td>0.044217</td>\n",
       "      <td>0.047137</td>\n",
       "      <td>0.037370</td>\n",
       "      <td>-0.045449</td>\n",
       "    </tr>\n",
       "    <tr>\n",
       "      <th>WP_ID</th>\n",
       "      <td>-0.087243</td>\n",
       "      <td>0.004067</td>\n",
       "      <td>0.056923</td>\n",
       "      <td>1.000000</td>\n",
       "      <td>-0.203185</td>\n",
       "      <td>-0.136333</td>\n",
       "      <td>-0.230026</td>\n",
       "      <td>-0.186932</td>\n",
       "      <td>0.182139</td>\n",
       "      <td>0.057329</td>\n",
       "      <td>0.047542</td>\n",
       "      <td>0.074783</td>\n",
       "      <td>0.422285</td>\n",
       "      <td>0.442841</td>\n",
       "      <td>0.295419</td>\n",
       "      <td>0.412410</td>\n",
       "      <td>0.025904</td>\n",
       "    </tr>\n",
       "    <tr>\n",
       "      <th>NAICS</th>\n",
       "      <td>0.075345</td>\n",
       "      <td>0.015058</td>\n",
       "      <td>-0.026930</td>\n",
       "      <td>-0.203185</td>\n",
       "      <td>1.000000</td>\n",
       "      <td>0.007404</td>\n",
       "      <td>0.889711</td>\n",
       "      <td>0.794775</td>\n",
       "      <td>-0.393203</td>\n",
       "      <td>-0.219402</td>\n",
       "      <td>-0.127373</td>\n",
       "      <td>-0.224333</td>\n",
       "      <td>-0.633120</td>\n",
       "      <td>-0.459755</td>\n",
       "      <td>-0.698649</td>\n",
       "      <td>-0.495043</td>\n",
       "      <td>-0.047415</td>\n",
       "    </tr>\n",
       "    <tr>\n",
       "      <th>RegCode</th>\n",
       "      <td>-0.174625</td>\n",
       "      <td>-0.011927</td>\n",
       "      <td>-0.005107</td>\n",
       "      <td>-0.136333</td>\n",
       "      <td>0.007404</td>\n",
       "      <td>1.000000</td>\n",
       "      <td>0.023849</td>\n",
       "      <td>0.003573</td>\n",
       "      <td>-0.276728</td>\n",
       "      <td>-0.244007</td>\n",
       "      <td>-0.255680</td>\n",
       "      <td>-0.251737</td>\n",
       "      <td>-0.065943</td>\n",
       "      <td>-0.059898</td>\n",
       "      <td>-0.017307</td>\n",
       "      <td>-0.100573</td>\n",
       "      <td>-0.083018</td>\n",
       "    </tr>\n",
       "    <tr>\n",
       "      <th>INDCat</th>\n",
       "      <td>0.344046</td>\n",
       "      <td>0.010861</td>\n",
       "      <td>-0.030781</td>\n",
       "      <td>-0.230026</td>\n",
       "      <td>0.889711</td>\n",
       "      <td>0.023849</td>\n",
       "      <td>1.000000</td>\n",
       "      <td>0.941944</td>\n",
       "      <td>-0.246693</td>\n",
       "      <td>-0.033140</td>\n",
       "      <td>0.036022</td>\n",
       "      <td>-0.028626</td>\n",
       "      <td>-0.742757</td>\n",
       "      <td>-0.271326</td>\n",
       "      <td>-0.754387</td>\n",
       "      <td>-0.724583</td>\n",
       "      <td>-0.067062</td>\n",
       "    </tr>\n",
       "    <tr>\n",
       "      <th>INDCode</th>\n",
       "      <td>0.513242</td>\n",
       "      <td>0.011827</td>\n",
       "      <td>-0.031352</td>\n",
       "      <td>-0.186932</td>\n",
       "      <td>0.794775</td>\n",
       "      <td>0.003573</td>\n",
       "      <td>0.941944</td>\n",
       "      <td>1.000000</td>\n",
       "      <td>-0.074322</td>\n",
       "      <td>0.095027</td>\n",
       "      <td>0.152609</td>\n",
       "      <td>0.132791</td>\n",
       "      <td>-0.765143</td>\n",
       "      <td>-0.118551</td>\n",
       "      <td>-0.800211</td>\n",
       "      <td>-0.681702</td>\n",
       "      <td>-0.050063</td>\n",
       "    </tr>\n",
       "    <tr>\n",
       "      <th>FRCode</th>\n",
       "      <td>0.650518</td>\n",
       "      <td>-0.003539</td>\n",
       "      <td>-0.002200</td>\n",
       "      <td>0.182139</td>\n",
       "      <td>-0.393203</td>\n",
       "      <td>-0.276728</td>\n",
       "      <td>-0.246693</td>\n",
       "      <td>-0.074322</td>\n",
       "      <td>1.000000</td>\n",
       "      <td>0.890707</td>\n",
       "      <td>0.879310</td>\n",
       "      <td>0.890958</td>\n",
       "      <td>0.131602</td>\n",
       "      <td>0.399849</td>\n",
       "      <td>0.104802</td>\n",
       "      <td>0.183847</td>\n",
       "      <td>0.033647</td>\n",
       "    </tr>\n",
       "    <tr>\n",
       "      <th>LBCode</th>\n",
       "      <td>0.713880</td>\n",
       "      <td>-0.000561</td>\n",
       "      <td>-0.014604</td>\n",
       "      <td>0.057329</td>\n",
       "      <td>-0.219402</td>\n",
       "      <td>-0.244007</td>\n",
       "      <td>-0.033140</td>\n",
       "      <td>0.095027</td>\n",
       "      <td>0.890707</td>\n",
       "      <td>1.000000</td>\n",
       "      <td>0.967687</td>\n",
       "      <td>0.953162</td>\n",
       "      <td>-0.073588</td>\n",
       "      <td>0.224952</td>\n",
       "      <td>-0.005767</td>\n",
       "      <td>-0.018405</td>\n",
       "      <td>0.016861</td>\n",
       "    </tr>\n",
       "    <tr>\n",
       "      <th>ShCode</th>\n",
       "      <td>0.708448</td>\n",
       "      <td>-0.000528</td>\n",
       "      <td>-0.026407</td>\n",
       "      <td>0.047542</td>\n",
       "      <td>-0.127373</td>\n",
       "      <td>-0.255680</td>\n",
       "      <td>0.036022</td>\n",
       "      <td>0.152609</td>\n",
       "      <td>0.879310</td>\n",
       "      <td>0.967687</td>\n",
       "      <td>1.000000</td>\n",
       "      <td>0.959041</td>\n",
       "      <td>-0.076842</td>\n",
       "      <td>0.154945</td>\n",
       "      <td>-0.072929</td>\n",
       "      <td>-0.028428</td>\n",
       "      <td>0.002642</td>\n",
       "    </tr>\n",
       "    <tr>\n",
       "      <th>HICCode</th>\n",
       "      <td>0.782683</td>\n",
       "      <td>-0.000169</td>\n",
       "      <td>-0.020652</td>\n",
       "      <td>0.074783</td>\n",
       "      <td>-0.224333</td>\n",
       "      <td>-0.251737</td>\n",
       "      <td>-0.028626</td>\n",
       "      <td>0.132791</td>\n",
       "      <td>0.890958</td>\n",
       "      <td>0.953162</td>\n",
       "      <td>0.959041</td>\n",
       "      <td>1.000000</td>\n",
       "      <td>-0.020679</td>\n",
       "      <td>0.262071</td>\n",
       "      <td>-0.055820</td>\n",
       "      <td>-0.005156</td>\n",
       "      <td>0.016888</td>\n",
       "    </tr>\n",
       "    <tr>\n",
       "      <th>HICPerCode</th>\n",
       "      <td>-0.431133</td>\n",
       "      <td>-0.005592</td>\n",
       "      <td>0.040571</td>\n",
       "      <td>0.422285</td>\n",
       "      <td>-0.633120</td>\n",
       "      <td>-0.065943</td>\n",
       "      <td>-0.742757</td>\n",
       "      <td>-0.765143</td>\n",
       "      <td>0.131602</td>\n",
       "      <td>-0.073588</td>\n",
       "      <td>-0.076842</td>\n",
       "      <td>-0.020679</td>\n",
       "      <td>1.000000</td>\n",
       "      <td>0.473749</td>\n",
       "      <td>0.771630</td>\n",
       "      <td>0.678633</td>\n",
       "      <td>0.052352</td>\n",
       "    </tr>\n",
       "    <tr>\n",
       "      <th>E1524Code</th>\n",
       "      <td>0.141538</td>\n",
       "      <td>-0.000188</td>\n",
       "      <td>0.044217</td>\n",
       "      <td>0.442841</td>\n",
       "      <td>-0.459755</td>\n",
       "      <td>-0.059898</td>\n",
       "      <td>-0.271326</td>\n",
       "      <td>-0.118551</td>\n",
       "      <td>0.399849</td>\n",
       "      <td>0.224952</td>\n",
       "      <td>0.154945</td>\n",
       "      <td>0.262071</td>\n",
       "      <td>0.473749</td>\n",
       "      <td>1.000000</td>\n",
       "      <td>0.369312</td>\n",
       "      <td>0.133639</td>\n",
       "      <td>0.043797</td>\n",
       "    </tr>\n",
       "    <tr>\n",
       "      <th>E2554Code</th>\n",
       "      <td>-0.421806</td>\n",
       "      <td>-0.003353</td>\n",
       "      <td>0.047137</td>\n",
       "      <td>0.295419</td>\n",
       "      <td>-0.698649</td>\n",
       "      <td>-0.017307</td>\n",
       "      <td>-0.754387</td>\n",
       "      <td>-0.800211</td>\n",
       "      <td>0.104802</td>\n",
       "      <td>-0.005767</td>\n",
       "      <td>-0.072929</td>\n",
       "      <td>-0.055820</td>\n",
       "      <td>0.771630</td>\n",
       "      <td>0.369312</td>\n",
       "      <td>1.000000</td>\n",
       "      <td>0.480821</td>\n",
       "      <td>0.011580</td>\n",
       "    </tr>\n",
       "    <tr>\n",
       "      <th>E55pCode</th>\n",
       "      <td>-0.380741</td>\n",
       "      <td>-0.009755</td>\n",
       "      <td>0.037370</td>\n",
       "      <td>0.412410</td>\n",
       "      <td>-0.495043</td>\n",
       "      <td>-0.100573</td>\n",
       "      <td>-0.724583</td>\n",
       "      <td>-0.681702</td>\n",
       "      <td>0.183847</td>\n",
       "      <td>-0.018405</td>\n",
       "      <td>-0.028428</td>\n",
       "      <td>-0.005156</td>\n",
       "      <td>0.678633</td>\n",
       "      <td>0.133639</td>\n",
       "      <td>0.480821</td>\n",
       "      <td>1.000000</td>\n",
       "      <td>0.076247</td>\n",
       "    </tr>\n",
       "    <tr>\n",
       "      <th>ConCode</th>\n",
       "      <td>-0.004733</td>\n",
       "      <td>0.003714</td>\n",
       "      <td>-0.045449</td>\n",
       "      <td>0.025904</td>\n",
       "      <td>-0.047415</td>\n",
       "      <td>-0.083018</td>\n",
       "      <td>-0.067062</td>\n",
       "      <td>-0.050063</td>\n",
       "      <td>0.033647</td>\n",
       "      <td>0.016861</td>\n",
       "      <td>0.002642</td>\n",
       "      <td>0.016888</td>\n",
       "      <td>0.052352</td>\n",
       "      <td>0.043797</td>\n",
       "      <td>0.011580</td>\n",
       "      <td>0.076247</td>\n",
       "      <td>1.000000</td>\n",
       "    </tr>\n",
       "  </tbody>\n",
       "</table>\n",
       "</div>"
      ],
      "text/plain": [
       "              Total_Claims      FV_D      FV_M     WP_ID     NAICS   RegCode  \\\n",
       "Total_Claims      1.000000  0.004856 -0.023986 -0.087243  0.075345 -0.174625   \n",
       "FV_D              0.004856  1.000000 -0.008590  0.004067  0.015058 -0.011927   \n",
       "FV_M             -0.023986 -0.008590  1.000000  0.056923 -0.026930 -0.005107   \n",
       "WP_ID            -0.087243  0.004067  0.056923  1.000000 -0.203185 -0.136333   \n",
       "NAICS             0.075345  0.015058 -0.026930 -0.203185  1.000000  0.007404   \n",
       "RegCode          -0.174625 -0.011927 -0.005107 -0.136333  0.007404  1.000000   \n",
       "INDCat            0.344046  0.010861 -0.030781 -0.230026  0.889711  0.023849   \n",
       "INDCode           0.513242  0.011827 -0.031352 -0.186932  0.794775  0.003573   \n",
       "FRCode            0.650518 -0.003539 -0.002200  0.182139 -0.393203 -0.276728   \n",
       "LBCode            0.713880 -0.000561 -0.014604  0.057329 -0.219402 -0.244007   \n",
       "ShCode            0.708448 -0.000528 -0.026407  0.047542 -0.127373 -0.255680   \n",
       "HICCode           0.782683 -0.000169 -0.020652  0.074783 -0.224333 -0.251737   \n",
       "HICPerCode       -0.431133 -0.005592  0.040571  0.422285 -0.633120 -0.065943   \n",
       "E1524Code         0.141538 -0.000188  0.044217  0.442841 -0.459755 -0.059898   \n",
       "E2554Code        -0.421806 -0.003353  0.047137  0.295419 -0.698649 -0.017307   \n",
       "E55pCode         -0.380741 -0.009755  0.037370  0.412410 -0.495043 -0.100573   \n",
       "ConCode          -0.004733  0.003714 -0.045449  0.025904 -0.047415 -0.083018   \n",
       "\n",
       "                INDCat   INDCode    FRCode    LBCode    ShCode   HICCode  \\\n",
       "Total_Claims  0.344046  0.513242  0.650518  0.713880  0.708448  0.782683   \n",
       "FV_D          0.010861  0.011827 -0.003539 -0.000561 -0.000528 -0.000169   \n",
       "FV_M         -0.030781 -0.031352 -0.002200 -0.014604 -0.026407 -0.020652   \n",
       "WP_ID        -0.230026 -0.186932  0.182139  0.057329  0.047542  0.074783   \n",
       "NAICS         0.889711  0.794775 -0.393203 -0.219402 -0.127373 -0.224333   \n",
       "RegCode       0.023849  0.003573 -0.276728 -0.244007 -0.255680 -0.251737   \n",
       "INDCat        1.000000  0.941944 -0.246693 -0.033140  0.036022 -0.028626   \n",
       "INDCode       0.941944  1.000000 -0.074322  0.095027  0.152609  0.132791   \n",
       "FRCode       -0.246693 -0.074322  1.000000  0.890707  0.879310  0.890958   \n",
       "LBCode       -0.033140  0.095027  0.890707  1.000000  0.967687  0.953162   \n",
       "ShCode        0.036022  0.152609  0.879310  0.967687  1.000000  0.959041   \n",
       "HICCode      -0.028626  0.132791  0.890958  0.953162  0.959041  1.000000   \n",
       "HICPerCode   -0.742757 -0.765143  0.131602 -0.073588 -0.076842 -0.020679   \n",
       "E1524Code    -0.271326 -0.118551  0.399849  0.224952  0.154945  0.262071   \n",
       "E2554Code    -0.754387 -0.800211  0.104802 -0.005767 -0.072929 -0.055820   \n",
       "E55pCode     -0.724583 -0.681702  0.183847 -0.018405 -0.028428 -0.005156   \n",
       "ConCode      -0.067062 -0.050063  0.033647  0.016861  0.002642  0.016888   \n",
       "\n",
       "              HICPerCode  E1524Code  E2554Code  E55pCode   ConCode  \n",
       "Total_Claims   -0.431133   0.141538  -0.421806 -0.380741 -0.004733  \n",
       "FV_D           -0.005592  -0.000188  -0.003353 -0.009755  0.003714  \n",
       "FV_M            0.040571   0.044217   0.047137  0.037370 -0.045449  \n",
       "WP_ID           0.422285   0.442841   0.295419  0.412410  0.025904  \n",
       "NAICS          -0.633120  -0.459755  -0.698649 -0.495043 -0.047415  \n",
       "RegCode        -0.065943  -0.059898  -0.017307 -0.100573 -0.083018  \n",
       "INDCat         -0.742757  -0.271326  -0.754387 -0.724583 -0.067062  \n",
       "INDCode        -0.765143  -0.118551  -0.800211 -0.681702 -0.050063  \n",
       "FRCode          0.131602   0.399849   0.104802  0.183847  0.033647  \n",
       "LBCode         -0.073588   0.224952  -0.005767 -0.018405  0.016861  \n",
       "ShCode         -0.076842   0.154945  -0.072929 -0.028428  0.002642  \n",
       "HICCode        -0.020679   0.262071  -0.055820 -0.005156  0.016888  \n",
       "HICPerCode      1.000000   0.473749   0.771630  0.678633  0.052352  \n",
       "E1524Code       0.473749   1.000000   0.369312  0.133639  0.043797  \n",
       "E2554Code       0.771630   0.369312   1.000000  0.480821  0.011580  \n",
       "E55pCode        0.678633   0.133639   0.480821  1.000000  0.076247  \n",
       "ConCode         0.052352   0.043797   0.011580  0.076247  1.000000  "
      ]
     },
     "execution_count": 17,
     "metadata": {},
     "output_type": "execute_result"
    }
   ],
   "source": [
    "data.corr()"
   ]
  },
  {
   "cell_type": "code",
   "execution_count": 19,
   "id": "3d41f4ea",
   "metadata": {},
   "outputs": [],
   "source": [
    "#Features used --> features with corr >0.85 are removed  --> INDCat, 'FRCode', 'LBCode', 'ShCode',\n",
    "Features = ['FV_D', 'FV_M', 'FV_DATE', 'VISIT_CODE','WP_ID','NAICS','RegCode', 'INDCode','HICCode','HICPerCode', 'E1524Code', 'E2554Code', 'E55pCode', 'ConCode']\n",
    "F_x = data.loc[:, Features]\n",
    "F_y = data.loc[: , ['Claims_Code']]"
   ]
  },
  {
   "cell_type": "code",
   "execution_count": 20,
   "id": "bc9c6d88",
   "metadata": {},
   "outputs": [
    {
     "data": {
      "text/html": [
       "<div>\n",
       "<style scoped>\n",
       "    .dataframe tbody tr th:only-of-type {\n",
       "        vertical-align: middle;\n",
       "    }\n",
       "\n",
       "    .dataframe tbody tr th {\n",
       "        vertical-align: top;\n",
       "    }\n",
       "\n",
       "    .dataframe thead th {\n",
       "        text-align: right;\n",
       "    }\n",
       "</style>\n",
       "<table border=\"1\" class=\"dataframe\">\n",
       "  <thead>\n",
       "    <tr style=\"text-align: right;\">\n",
       "      <th></th>\n",
       "      <th>FV_D</th>\n",
       "      <th>FV_M</th>\n",
       "      <th>WP_ID</th>\n",
       "      <th>NAICS</th>\n",
       "      <th>RegCode</th>\n",
       "      <th>INDCode</th>\n",
       "      <th>HICCode</th>\n",
       "      <th>HICPerCode</th>\n",
       "      <th>E1524Code</th>\n",
       "      <th>E2554Code</th>\n",
       "      <th>E55pCode</th>\n",
       "      <th>ConCode</th>\n",
       "    </tr>\n",
       "  </thead>\n",
       "  <tbody>\n",
       "    <tr>\n",
       "      <th>FV_D</th>\n",
       "      <td>1.000000</td>\n",
       "      <td>-0.008590</td>\n",
       "      <td>0.004067</td>\n",
       "      <td>0.015058</td>\n",
       "      <td>-0.011927</td>\n",
       "      <td>0.011827</td>\n",
       "      <td>-0.000169</td>\n",
       "      <td>-0.005592</td>\n",
       "      <td>-0.000188</td>\n",
       "      <td>-0.003353</td>\n",
       "      <td>-0.009755</td>\n",
       "      <td>0.003714</td>\n",
       "    </tr>\n",
       "    <tr>\n",
       "      <th>FV_M</th>\n",
       "      <td>-0.008590</td>\n",
       "      <td>1.000000</td>\n",
